              precision    recall  f1-score   support

           0       1.00      0.97      0.99        35
           1       0.78      0.74      0.76        34
           2       0.87      0.94      0.90        35
           3       0.97      0.97      0.97        37
           4       0.81      1.00      0.90        39
           5       0.85      0.97      0.91        30
           6       0.97      0.94      0.96        35
           7       0.97      0.84      0.90        44
           8       0.94      0.81      0.87        36
           9       0.85      0.83      0.84        35

    accuracy                           0.90       360
   macro avg       0.90      0.90      0.90       360
weighted avg       0.90      0.90      0.90       360
